V = [24 34 87 45 88];
v = -43;
V / 2
v / 2
ans * 3
V * 3
ans / 2
v / 2
V.^3